100 200 30
3 77 65 34 74 46 43 83 32 72 40 57 66 90 35 81 53 10 22 68 29 5 9 26 97 76 47 75 16 59
41 32 71 29 1 15 2 53 95 18 90 38 83 66 23 70 36 75 56 8 84 73 96 67 62 30 76 12 13 51
1 2
2 3
1 4
2 5
4 6
1 7
7 8
3 9
1 10
6 11
8 12
7 13
8 14
6 15
15 16
9 17
11 18
18 19
14 20
15 21
8 22
1 23
13 24
8 25
22 26
2 27
24 28
27 29
25 30
12 31
9 32
8 33
13 34
33 35
15 36
27 37
25 38
27 39
38 40
11 41
28 42
40 43
26 44
42 45
39 46
32 47
26 48
13 49
5 50
39 51
42 52
46 53
51 54
15 55
36 56
19 57
55 58
30 59
27 60
58 61
30 62
19 63
1 64
18 65
54 66
27 67
65 68
26 69
39 70
66 71
46 72
29 73
10 74
42 75
33 76
53 77
50 78
30 79
37 80
15 81
3 82
10 83
6 84
63 85
18 86
59 87
12 88
68 89
61 90
15 91
14 92
36 93
85 94
54 95
93 96
8 97
69 98
85 99
26 100
95 24
4 7
46 27
98 64
9 74
3 77
65 72
85 76
43 13
24 63
66 30
62 46
94 29
75 89
25 69
87 8
9 61
36 66
98 31
78 50
24 44
30 78
42 82
43 95
29 38
59 6
65 69
24 54
28 19
18 11
25 12
17 90
57 40
83 68
92 13
16 28
43 27
93 26
25 6
94 58
77 39
25 58
11 93
43 25
49 18
92 95
75 61
59 60
64 92
19 50
56 72
39 74
47 70
83 67
94 69
83 42
12 25
62 85
85 88
95 83
21 31
30 7
96 23
10 83
97 53
48 58
57 48
26 58
76 11
10 87
99 39
12 52
49 13
72 41
77 86
27 31
64 77
29 17
72 61
8 39
80 15
76 98
35 6
18 79
62 55
39 37
5 47
21 85
31 77
96 59
89 7
57 48
22 1
13 42
87 63
41 63
1 36
5 68
92 98
43 13
97 52
