1000 1300 300
232 686 599 958 529 860 771 502 707 308 982 321 876 36 418 485 696 365 35 940 361 479 60 200 984 123 986 79 736 183 299 669 636 165 324 267 411 726 21 869 161 822 966 45 320 58 899 262 448 240 594 5 786 135 584 559 172 883 905 862 833 110 120 218 292 717 621 192 651 466 825 886 463 412 583 2 407 488 96 591 714 927 624 603 194 335 552 245 342 955 505 503 745 565 296 513 826 340 65 419 390 664 398 106 783 809 549 441 458 954 907 607 265 46 100 57 104 376 53 815 728 459 71 542 546 882 477 520 337 383 145 118 823 689 496 69 290 732 480 184 875 945 652 237 181 697 816 519 137 750 202 41 831 563 417 676 275 142 385 15 961 543 98 781 124 129 453 494 366 203 435 949 105 415 78 975 656 163 791 101 842 597 739 182 516 219 319 580 140 167 248 661 848 992 846 501 93 425 539 629 394 774 283 103 776 430 700 723 799 724 371 560 377 943 226 861 231 533 313 805 504 668 619 55 487 755 798 317 818 452 836 402 146 821 909 498 363 910 465 420 638 916 254 271 837 125 74 590 544 243 890 748 944 153 258 665 540 168 995 316 688 929 795 797 212 654 440 215 756 761 30 442 642 934 615 188 325 186 844 735 693 553 640 767 749 734 351 289 132 634 885 620 370 572 92 678 972 964 525 699
729 383 906 52 172 633 527 775 174 328 353 137 182 705 220 262 37 935 329 741 606 520 70 321 278 544 416 470 654 699 159 530 532 330 17 964 394 398 310 161 6 376 896 30 823 534 431 950 341 241 990 255 238 571 338 269 727 810 126 21 703 742 484 841 509 644 879 146 123 848 675 232 272 305 53 974 107 471 505 279 1000 956 31 194 434 20 779 497 135 774 344 352 548 496 180 261 402 132 385 837 392 304 270 852 752 820 819 776 115 251 38 421 953 827 246 389 153 735 266 688 236 369 994 412 802 422 784 96 897 754 676 954 76 34 121 439 506 125 432 555 945 211 433 710 207 247 613 393 92 473 413 24 785 595 223 152 101 495 993 105 743 205 286 702 503 856 832 537 12 635 49 518 778 500 546 641 761 818 66 721 326 870 56 154 976 536 1 441 978 424 863 446 315 131 570 80 880 264 513 798 143 197 418 760 515 354 637 907 668 442 639 740 361 356 865 488 440 274 559 199 731 427 301 438 387 257 901 144 19 842 804 103 663 408 902 320 455 977 550 618 523 208 917 204 164 177 362 23 451 608 148 374 233 428 664 682 216 284 243 609 178 378 985 465 11 443 456 512 479 758 803 601 574 552 464 120 202 292 821 586 995 188 791 854 533 936 116 805 235 498 624 672 525 982 636 915 700 380 367 295
1 2
1 3
1 4
3 5
2 6
6 7
4 8
6 9
4 10
9 11
10 12
6 13
7 14
10 15
3 16
15 17
10 18
4 19
12 20
15 21
20 22
6 23
11 24
14 25
12 26
5 27
15 28
18 29
19 30
9 31
3 32
16 33
6 34
3 35
20 36
28 37
5 38
38 39
26 40
17 41
26 42
9 43
15 44
44 45
17 46
23 47
22 48
46 49
40 50
9 51
6 52
6 53
18 54
20 55
27 56
50 57
44 58
3 59
50 60
1 61
42 62
45 63
56 64
50 65
30 66
21 67
36 68
26 69
49 70
33 71
70 72
50 73
1 74
6 75
45 76
61 77
66 78
56 79
44 80
79 81
76 82
71 83
40 84
55 85
45 86
29 87
32 88
41 89
83 90
54 91
71 92
8 93
84 94
50 95
55 96
80 97
93 98
94 99
63 100
19 101
6 102
33 103
83 104
88 105
22 106
75 107
60 108
9 109
59 110
12 111
71 112
80 113
97 114
106 115
83 116
93 117
8 118
76 119
116 120
10 121
97 122
49 123
106 124
112 125
70 126
44 127
104 128
43 129
90 130
6 131
15 132
65 133
39 134
88 135
96 136
110 137
46 138
136 139
4 140
56 141
91 142
20 143
5 144
34 145
141 146
97 147
24 148
72 149
97 150
54 151
37 152
143 153
20 154
97 155
56 156
146 157
21 158
29 159
51 160
88 161
67 162
79 163
95 164
62 165
152 166
107 167
35 168
25 169
106 170
30 171
13 172
16 173
51 174
111 175
121 176
164 177
26 178
125 179
1 180
42 181
88 182
1 183
8 184
24 185
84 186
10 187
28 188
6 189
165 190
171 191
165 192
72 193
133 194
98 195
136 196
98 197
150 198
153 199
20 200
181 201
101 202
181 203
25 204
166 205
112 206
164 207
165 208
97 209
80 210
24 211
15 212
10 213
200 214
167 215
164 216
57 217
172 218
45 219
200 220
163 221
208 222
99 223
74 224
46 225
15 226
157 227
126 228
69 229
196 230
141 231
73 232
116 233
18 234
231 235
150 236
55 237
36 238
96 239
236 240
40 241
186 242
162 243
211 244
153 245
231 246
214 247
79 248
67 249
196 250
167 251
41 252
7 253
28 254
198 255
118 256
12 257
187 258
144 259
148 260
118 261
12 262
124 263
90 264
147 265
74 266
92 267
83 268
88 269
21 270
19 271
100 272
12 273
21 274
69 275
182 276
227 277
254 278
207 279
80 280
227 281
78 282
269 283
214 284
143 285
8 286
127 287
264 288
101 289
135 290
172 291
219 292
33 293
128 294
194 295
247 296
35 297
188 298
275 299
128 300
116 301
223 302
188 303
12 304
221 305
297 306
193 307
174 308
263 309
273 310
7 311
19 312
106 313
59 314
258 315
128 316
94 317
42 318
278 319
101 320
155 321
239 322
219 323
126 324
300 325
307 326
66 327
324 328
265 329
62 330
246 331
300 332
226 333
28 334
8 335
53 336
283 337
134 338
161 339
319 340
293 341
78 342
297 343
94 344
1 345
248 346
305 347
203 348
20 349
139 350
44 351
234 352
70 353
210 354
179 355
350 356
236 357
51 358
348 359
121 360
242 361
121 362
290 363
242 364
292 365
209 366
143 367
180 368
349 369
259 370
316 371
49 372
222 373
337 374
73 375
301 376
174 377
365 378
261 379
370 380
34 381
106 382
58 383
281 384
332 385
54 386
161 387
216 388
14 389
120 390
372 391
339 392
111 393
162 394
158 395
197 396
244 397
272 398
123 399
333 400
36 401
281 402
23 403
391 404
232 405
76 406
79 407
361 408
395 409
360 410
270 411
242 412
285 413
338 414
291 415
66 416
266 417
381 418
108 419
337 420
194 421
36 422
264 423
333 424
194 425
204 426
360 427
359 428
82 429
57 430
193 431
423 432
408 433
119 434
368 435
206 436
379 437
176 438
117 439
11 440
368 441
199 442
180 443
114 444
230 445
106 446
7 447
99 448
150 449
173 450
107 451
259 452
126 453
136 454
449 455
273 456
16 457
155 458
30 459
290 460
227 461
31 462
445 463
71 464
154 465
44 466
112 467
433 468
246 469
52 470
69 471
118 472
60 473
421 474
89 475
74 476
437 477
30 478
250 479
114 480
37 481
183 482
234 483
121 484
473 485
178 486
465 487
293 488
82 489
319 490
336 491
446 492
261 493
387 494
186 495
261 496
467 497
229 498
181 499
334 500
280 501
189 502
33 503
431 504
169 505
188 506
314 507
229 508
234 509
269 510
239 511
343 512
405 513
347 514
286 515
143 516
511 517
219 518
503 519
278 520
113 521
4 522
244 523
1 524
482 525
447 526
285 527
515 528
526 529
108 530
441 531
156 532
202 533
14 534
82 535
62 536
535 537
534 538
2 539
360 540
360 541
266 542
233 543
441 544
256 545
229 546
131 547
266 548
273 549
317 550
54 551
34 552
46 553
437 554
18 555
71 556
291 557
403 558
467 559
296 560
388 561
99 562
141 563
438 564
391 565
454 566
146 567
248 568
406 569
520 570
219 571
317 572
83 573
5 574
374 575
37 576
218 577
526 578
556 579
273 580
50 581
200 582
204 583
402 584
211 585
346 586
194 587
55 588
537 589
353 590
315 591
106 592
567 593
217 594
469 595
41 596
365 597
538 598
237 599
370 600
162 601
481 602
136 603
173 604
363 605
467 606
525 607
280 608
412 609
292 610
583 611
399 612
352 613
455 614
195 615
47 616
269 617
142 618
247 619
38 620
292 621
36 622
18 623
117 624
619 625
160 626
335 627
277 628
260 629
521 630
314 631
222 632
222 633
396 634
136 635
274 636
70 637
91 638
550 639
603 640
502 641
117 642
260 643
318 644
256 645
49 646
409 647
153 648
513 649
89 650
277 651
40 652
604 653
357 654
265 655
129 656
284 657
206 658
1 659
418 660
174 661
10 662
532 663
636 664
32 665
601 666
216 667
32 668
141 669
459 670
474 671
394 672
637 673
437 674
195 675
100 676
274 677
273 678
551 679
66 680
246 681
461 682
637 683
404 684
161 685
289 686
651 687
250 688
312 689
378 690
154 691
371 692
221 693
573 694
631 695
210 696
627 697
440 698
237 699
311 700
120 701
160 702
158 703
429 704
619 705
294 706
50 707
446 708
120 709
495 710
439 711
486 712
180 713
531 714
187 715
337 716
218 717
415 718
476 719
528 720
167 721
186 722
80 723
620 724
71 725
44 726
350 727
298 728
531 729
291 730
131 731
51 732
423 733
672 734
632 735
357 736
409 737
72 738
65 739
369 740
469 741
274 742
735 743
662 744
78 745
144 746
166 747
553 748
157 749
547 750
271 751
240 752
597 753
356 754
389 755
130 756
302 757
628 758
708 759
624 760
676 761
468 762
83 763
374 764
340 765
52 766
389 767
457 768
382 769
236 770
89 771
762 772
628 773
452 774
421 775
206 776
462 777
718 778
178 779
400 780
722 781
315 782
493 783
223 784
267 785
397 786
582 787
428 788
568 789
426 790
135 791
219 792
297 793
665 794
778 795
505 796
164 797
304 798
733 799
284 800
648 801
357 802
792 803
85 804
669 805
453 806
256 807
137 808
345 809
578 810
596 811
148 812
436 813
760 814
625 815
407 816
683 817
477 818
462 819
773 820
556 821
683 822
166 823
360 824
600 825
462 826
521 827
235 828
36 829
28 830
23 831
627 832
495 833
346 834
22 835
229 836
469 837
358 838
296 839
377 840
503 841
416 842
537 843
171 844
3 845
706 846
375 847
240 848
786 849
756 850
40 851
99 852
642 853
674 854
325 855
47 856
700 857
332 858
719 859
637 860
725 861
122 862
827 863
846 864
714 865
418 866
257 867
812 868
637 869
134 870
728 871
527 872
619 873
645 874
95 875
848 876
587 877
777 878
328 879
682 880
217 881
147 882
212 883
41 884
847 885
484 886
421 887
320 888
561 889
596 890
96 891
331 892
665 893
104 894
121 895
381 896
781 897
683 898
201 899
174 900
243 901
459 902
772 903
671 904
424 905
730 906
457 907
482 908
526 909
741 910
772 911
831 912
846 913
700 914
23 915
621 916
20 917
409 918
411 919
85 920
181 921
444 922
145 923
121 924
700 925
726 926
32 927
319 928
516 929
909 930
502 931
91 932
912 933
326 934
613 935
261 936
827 937
234 938
915 939
380 940
874 941
281 942
252 943
440 944
785 945
664 946
665 947
76 948
903 949
922 950
396 951
229 952
924 953
85 954
398 955
21 956
330 957
124 958
498 959
188 960
598 961
191 962
510 963
228 964
360 965
537 966
201 967
364 968
214 969
727 970
595 971
895 972
391 973
74 974
932 975
917 976
114 977
896 978
649 979
68 980
456 981
231 982
892 983
177 984
668 985
757 986
186 987
632 988
371 989
751 990
561 991
873 992
200 993
691 994
230 995
885 996
934 997
994 998
472 999
568 1000
55 580
983 898
986 533
878 1
481 809
824 827
713 888
695 84
248 681
503 181
544 150
999 515
797 646
462 411
339 465
927 637
788 187
167 158
228 984
651 32
269 959
889 117
244 818
830 152
711 547
567 37
41 101
692 648
2 724
858 432
511 471
376 811
650 413
736 710
459 443
712 862
980 908
645 801
760 321
798 154
471 33
891 157
95 705
712 77
947 61
23 774
107 710
971 964
578 335
582 94
159 4
559 846
462 316
969 65
182 836
81 574
465 139
79 464
800 547
208 312
807 13
247 394
71 439
177 970
946 28
561 88
35 607
897 999
820 204
866 320
348 444
333 380
703 762
474 553
421 508
75 685
922 949
878 763
484 203
70 677
752 847
758 963
197 485
257 718
441 342
787 906
727 896
976 841
624 928
275 787
482 556
981 886
243 2
335 781
54 531
839 291
194 235
338 82
783 453
604 177
340 997
260 126
294 395
791 805
164 332
125 70
996 90
156 32
553 215
929 202
402 146
675 287
838 135
81 685
226 253
463 875
53 970
579 65
823 363
928 285
537 180
285 843
749 46
605 165
649 482
15 234
287 442
780 469
177 172
34 28
969 357
714 461
844 690
120 403
134 442
679 443
893 320
970 501
625 91
223 37
75 89
207 173
409 708
314 501
879 743
424 281
149 597
545 312
935 59
345 343
957 359
685 374
92 669
714 350
949 512
781 1
989 774
761 430
820 954
229 840
342 329
455 604
969 15
341 977
752 834
558 327
458 970
494 5
679 678
334 44
412 817
765 777
296 571
950 381
648 256
483 409
731 317
181 422
450 429
437 658
843 83
755 158
638 264
761 848
724 205
915 996
749 961
739 105
369 430
484 973
447 824
41 771
114 642
609 171
619 495
643 503
111 931
55 547
614 793
214 512
604 677
694 88
466 32
735 44
485 737
998 984
446 823
80 97
930 869
292 455
119 887
421 779
465 731
780 9
867 383
147 637
153 384
960 62
230 379
491 851
106 231
927 604
404 945
384 912
156 94
50 147
403 641
22 353
471 441
640 135
608 409
423 475
175 863
139 888
566 213
769 213
471 906
625 115
830 146
411 881
903 560
681 884
748 213
286 736
821 606
443 385
291 867
226 979
924 991
889 333
918 189
592 843
943 15
552 165
667 647
70 176
391 43
30 669
659 437
165 278
363 659
893 541
953 544
429 629
409 89
865 53
784 541
380 600
864 970
469 31
511 535
894 56
639 1
445 221
568 107
954 757
722 633
88 342
771 397
719 633
994 858
845 217
288 942
326 582
478 482
32 806
198 760
531 802
997 500
97 245
56 932
248 553
66 899
398 381
31 617
156 821
139 778
352 581
287 961
894 376
256 681
