100 120 30
42 47 93 8 68 89 99 98 34 90 41 25 2 85 71 65 84 12 57 63 82 66 60 35 44 69 1 24 81 43
70 19 38 28 58 1 69 77 2 60 10 12 78 71 39 80 33 44 23 22 3 63 50 73 29 53 15 31 43 54
1 2
2 3
3 4
2 5
4 6
2 7
3 8
7 9
5 10
8 11
2 12
11 13
10 14
8 15
12 16
2 17
13 18
3 19
6 20
2 21
20 22
21 23
8 24
8 25
3 26
21 27
2 28
25 29
9 30
27 31
9 32
1 33
29 34
21 35
21 36
11 37
28 38
20 39
38 40
22 41
6 42
32 43
39 44
33 45
24 46
33 47
8 48
17 49
22 50
27 51
21 52
48 53
11 54
6 55
26 56
33 57
48 58
42 59
22 60
15 61
21 62
56 63
9 64
63 65
15 66
33 67
33 68
2 69
22 70
7 71
49 72
33 73
34 74
2 75
18 76
23 77
66 78
52 79
29 80
59 81
63 82
40 83
62 84
65 85
72 86
70 87
74 88
87 89
2 90
89 91
50 92
36 93
93 94
94 95
49 96
62 97
43 98
16 99
54 100
82 15
81 60
31 73
43 30
39 43
2 28
13 93
52 4
67 68
28 80
33 86
63 81
65 10
48 5
49 28
69 24
83 38
11 50
5 57
79 88
3 7
