1000 1200 600
283 136 793 672 923 109 636 333 227 473 768 450 840 3 905 311 875 877 732 707 31 62 13 166 258 688 723 243 120 251 654 170 229 530 323 668 457 538 807 859 505 865 943 754 143 200 594 781 805 841 197 820 293 608 206 981 335 909 664 19 795 302 847 834 274 661 24 709 662 45 995 81 499 147 532 700 411 937 887 273 810 397 899 927 175 496 690 892 171 678 128 930 557 202 419 750 868 939 657 570 604 103 116 986 39 711 233 988 162 52 92 269 4 445 478 341 796 132 812 156 763 42 701 198 962 843 698 286 455 835 653 990 261 715 40 831 876 755 380 679 485 647 783 814 77 154 904 65 818 54 855 716 338 944 158 440 48 527 234 29 83 292 762 719 914 212 699 837 624 895 454 655 966 60 735 412 551 494 349 213 145 134 808 451 362 686 306 800 399 706 549 332 15 417 941 199 693 955 86 665 910 130 513 100 152 976 529 819 164 953 376 977 611 208 67 758 8 916 493 418 760 394 160 379 650 365 547 318 838 878 139 907 652 961 237 627 774 303 628 474 817 140 168 727 991 839 536 830 695 933 506 30 625 816 487 828 381 626 911 426 43 339 32 900 264 730 749 146 893 300 382 190 211 717 386 281 477 963 415 219 118 860 254 712 232 562 449 803 443 973 272 880 917 866 150 356 316 73 705 23 328 58 644 648 509 903 733 555 483 542 230 949 79 920 630 402 72 898 593 756 194 217 854 579 312 980 82 972 193 879 720 222 308 125 753 63 600 638 424 99 191 396 436 124 687 242 794 908 592 319 282 656 36 534 142 983 676 564 404 49 297 260 185 634 511 484 289 215 331 882 540 861 326 938 659 784 651 602 239 541 64 926 375 405 169 495 864 780 683 448 772 114 960 301 275 101 407 563 520 842 127 640 578 950 85 708 797 137 238 982 163 902 791 694 122 7 325 385 315 620 159 873 321 458 148 112 787 255 252 370 44 606 761 663 675 584 515 881 439 788 113 789 446 565 785 403 299 770 918 35 265 737 508 645 204 53 915 894 37 196 631 224 522 518 585 924 14 710 183 344 70 967 413 186 218 111 98 354 504 133 438 970 559 610 857 516 569 599 684 985 151 979 680 779 420 257 583 945 548 607 108 180 107 259 80 228 998 476 456 46 236 748 129 649 782 372 517 398 858 409 936 221 523 61 189 144 34 90 577 718 997 575 862 501 543 93 714 342 574 172 888 906 722 383 692 591 553 560 248 313 416 406 503 486 330 537 391 765 47 968 614 271 586 434 561 408 766 845 965 475 776 646 957 669 948 507 462 736 666 510 106 836 822 33 481 69 241 141 891 294 97 929 964 366 989 751 742 466 12 447
470 396 10 300 532 551 166 659 361 936 278 792 406 732 804 742 50 466 925 1000 65 648 876 102 209 496 915 305 403 491 618 899 62 231 568 707 370 57 662 818 949 521 962 751 678 14 238 400 274 302 630 47 907 737 265 762 261 83 15 670 530 533 164 382 870 672 126 624 411 947 439 367 866 868 582 535 18 739 587 723 802 721 699 447 684 839 825 715 675 913 768 514 872 299 84 358 229 116 435 860 430 980 586 405 740 636 919 427 501 846 981 542 99 169 489 344 176 986 842 775 45 407 635 289 995 106 236 531 254 175 178 478 910 248 458 464 887 654 830 901 432 666 213 614 713 640 132 196 223 210 244 620 366 54 391 570 831 918 380 806 490 205 817 101 275 412 160 304 811 735 112 273 235 220 617 8 800 242 39 38 727 928 912 798 658 664 725 752 256 290 545 25 118 628 623 281 21 555 369 141 492 958 279 127 553 924 559 969 837 976 368 960 318 942 424 413 180 43 784 558 494 207 416 997 124 421 173 399 177 562 121 668 710 629 419 649 539 336 103 950 779 566 161 984 596 853 394 90 795 418 179 543 692 86 633 12 268 440 408 252 738 657 708 852 143 321 574 24 584 486 993 294 780 767 475 972 773 307 168 577 650 387 857 422 592 821 94 621 313 36 7 110 70 926 760 401 988 481 502 372 537 53 59 540 722 507 702 270 446 516 914 590 264 549 945 841 376 512 1 994 157 567 192 639 904 68 619 107 990 646 754 625 946 234 35 527 487 663 269 469 212 79 667 526 673 461 215 771 398 433 471 978 612 801 781 627 287 327 796 188 109 878 875 812 645 365 191 840 375 595 245 880 140 174 594 939 158 27 349 755 589 750 734 346 326 736 724 190 260 203 834 701 956 583 917 705 894 770 766 156 573 221 472 317 445 197 240 189 88 74 886 286 172 3 613 357 676 809 895 48 201 306 142 585 484 712 524 130 75 611 504 204 206 129 864 342 476 695 941 588 139 64 906 477 788 563 364 330 232 709 965 311 746 998 134 891 280 954 46 11 214 322 92 890 741 444 979 952 200 916 580 759 186 893 198 77 982 874 359 390 698 120 729 726 426 442 417 151 931 844 600 671 255 431 350 460 167 5 479 829 828 155 402 748 761 820 660 966 744 753 257 782 602 883 679 922 575 687 162 892 548 113 42 170 105 983 443 80 511 26 963 115 267 146 95 465 225 216 28 81 940 341 607 813 503 823 961 576 154 114 334 885 933 700 785 241 293 849 637 571 13 525 935 934 656 332 688 685 697 929 263 506 871 276 855 731 909 647 467 355 693 66 964 451 284 297 851 415 561 544 193 374 148 354 642 331 428 194 51 61
1 2
2 3
1 4
3 5
2 6
5 7
7 8
1 9
5 10
2 11
3 12
4 13
13 14
2 15
15 16
7 17
5 18
4 19
10 20
14 21
13 22
17 23
5 24
15 25
12 26
1 27
3 28
15 29
19 30
7 31
6 32
22 33
9 34
10 35
7 36
6 37
7 38
24 39
17 40
40 41
22 42
1 43
43 44
30 45
14 46
32 47
26 48
21 49
6 50
16 51
24 52
29 53
29 54
8 55
17 56
8 57
39 58
28 59
31 60
7 61
8 62
9 63
37 64
37 65
33 66
25 67
56 68
51 69
57 70
34 71
43 72
25 73
4 74
54 75
2 76
6 77
24 78
64 79
76 80
70 81
22 82
68 83
7 84
1 85
26 86
1 87
14 88
72 89
45 90
33 91
39 92
88 93
15 94
90 95
5 96
3 97
43 98
75 99
9 100
91 101
83 102
66 103
68 104
45 105
100 106
51 107
59 108
60 109
107 110
92 111
7 112
24 113
25 114
47 115
15 116
9 117
72 118
62 119
88 120
45 121
71 122
85 123
20 124
89 125
11 126
89 127
114 128
23 129
55 130
110 131
106 132
15 133
6 134
123 135
66 136
22 137
59 138
124 139
131 140
60 141
107 142
50 143
92 144
24 145
114 146
56 147
126 148
127 149
77 150
52 151
74 152
109 153
25 154
154 155
111 156
111 157
68 158
15 159
81 160
120 161
49 162
143 163
116 164
8 165
46 166
16 167
130 168
58 169
162 170
159 171
94 172
87 173
11 174
35 175
146 176
92 177
171 178
168 179
4 180
46 181
53 182
86 183
140 184
72 185
139 186
180 187
127 188
33 189
108 190
24 191
156 192
170 193
181 194
13 195
143 196
121 197
129 198
106 199
107 200
75 201
77 202
82 203
188 204
54 205
34 206
97 207
89 208
17 209
93 210
138 211
206 212
177 213
148 214
59 215
84 216
166 217
135 218
174 219
26 220
173 221
173 222
57 223
4 224
185 225
140 226
123 227
155 228
154 229
214 230
213 231
78 232
102 233
73 234
33 235
67 236
50 237
119 238
15 239
99 240
63 241
199 242
118 243
154 244
212 245
150 246
216 247
149 248
154 249
21 250
230 251
104 252
32 253
98 254
213 255
80 256
73 257
95 258
180 259
132 260
161 261
161 262
18 263
190 264
19 265
56 266
123 267
81 268
213 269
133 270
228 271
54 272
187 273
178 274
62 275
245 276
261 277
110 278
105 279
124 280
21 281
233 282
88 283
179 284
248 285
50 286
225 287
182 288
14 289
41 290
6 291
39 292
206 293
173 294
181 295
158 296
225 297
287 298
201 299
251 300
200 301
239 302
62 303
249 304
287 305
265 306
95 307
110 308
130 309
279 310
239 311
166 312
183 313
81 314
74 315
116 316
85 317
289 318
248 319
117 320
154 321
227 322
268 323
30 324
120 325
255 326
110 327
8 328
162 329
250 330
51 331
180 332
94 333
103 334
214 335
31 336
38 337
1 338
323 339
93 340
184 341
136 342
48 343
203 344
39 345
193 346
260 347
138 348
296 349
48 350
19 351
114 352
215 353
119 354
224 355
278 356
30 357
335 358
148 359
86 360
47 361
246 362
249 363
243 364
351 365
310 366
220 367
259 368
171 369
61 370
265 371
161 372
246 373
110 374
199 375
109 376
253 377
247 378
93 379
134 380
201 381
379 382
35 383
240 384
312 385
15 386
174 387
99 388
212 389
193 390
27 391
114 392
144 393
356 394
245 395
132 396
274 397
318 398
361 399
365 400
276 401
102 402
328 403
21 404
80 405
325 406
314 407
336 408
367 409
47 410
337 411
201 412
306 413
357 414
105 415
407 416
411 417
195 418
84 419
419 420
220 421
291 422
31 423
283 424
423 425
326 426
139 427
379 428
318 429
219 430
64 431
389 432
266 433
342 434
185 435
23 436
263 437
48 438
377 439
349 440
187 441
341 442
221 443
259 444
166 445
223 446
254 447
160 448
44 449
42 450
311 451
423 452
248 453
156 454
446 455
132 456
138 457
306 458
294 459
94 460
57 461
376 462
390 463
451 464
332 465
371 466
166 467
226 468
113 469
35 470
81 471
349 472
313 473
365 474
134 475
349 476
86 477
287 478
305 479
257 480
479 481
477 482
120 483
427 484
316 485
273 486
253 487
452 488
159 489
60 490
485 491
39 492
354 493
363 494
440 495
129 496
405 497
239 498
80 499
373 500
73 501
259 502
315 503
227 504
352 505
13 506
206 507
476 508
451 509
372 510
198 511
387 512
132 513
343 514
474 515
203 516
328 517
118 518
119 519
38 520
230 521
301 522
399 523
176 524
366 525
397 526
168 527
129 528
360 529
507 530
485 531
309 532
131 533
214 534
382 535
308 536
255 537
77 538
374 539
433 540
503 541
133 542
498 543
214 544
372 545
81 546
457 547
146 548
413 549
228 550
27 551
404 552
45 553
207 554
71 555
521 556
30 557
418 558
549 559
51 560
210 561
525 562
108 563
308 564
172 565
201 566
367 567
158 568
285 569
183 570
436 571
29 572
149 573
545 574
352 575
127 576
179 577
563 578
320 579
296 580
58 581
183 582
434 583
469 584
448 585
461 586
259 587
282 588
96 589
149 590
376 591
426 592
346 593
253 594
360 595
554 596
70 597
456 598
347 599
414 600
418 601
458 602
595 603
198 604
449 605
519 606
483 607
267 608
253 609
39 610
446 611
391 612
210 613
115 614
362 615
21 616
419 617
363 618
308 619
558 620
267 621
42 622
417 623
471 624
440 625
185 626
370 627
429 628
537 629
82 630
153 631
275 632
594 633
318 634
42 635
185 636
36 637
179 638
184 639
118 640
372 641
512 642
439 643
110 644
141 645
434 646
341 647
399 648
149 649
584 650
573 651
525 652
566 653
446 654
314 655
411 656
340 657
498 658
57 659
519 660
185 661
598 662
614 663
638 664
434 665
417 666
316 667
444 668
380 669
511 670
303 671
156 672
561 673
611 674
404 675
394 676
105 677
532 678
123 679
558 680
246 681
420 682
452 683
368 684
248 685
458 686
559 687
294 688
371 689
470 690
173 691
530 692
127 693
501 694
577 695
458 696
228 697
496 698
34 699
481 700
224 701
632 702
373 703
57 704
388 705
336 706
253 707
439 708
474 709
403 710
83 711
44 712
595 713
217 714
256 715
295 716
632 717
139 718
87 719
283 720
355 721
330 722
621 723
362 724
300 725
554 726
14 727
238 728
532 729
728 730
666 731
576 732
465 733
8 734
191 735
28 736
365 737
273 738
157 739
637 740
200 741
370 742
147 743
407 744
508 745
620 746
610 747
688 748
540 749
511 750
139 751
696 752
248 753
660 754
606 755
712 756
411 757
367 758
158 759
686 760
74 761
678 762
390 763
501 764
647 765
206 766
646 767
404 768
752 769
32 770
557 771
533 772
689 773
112 774
236 775
19 776
529 777
664 778
324 779
750 780
128 781
352 782
630 783
397 784
618 785
222 786
730 787
376 788
54 789
725 790
331 791
145 792
48 793
134 794
512 795
600 796
187 797
339 798
568 799
250 800
529 801
380 802
502 803
784 804
161 805
381 806
312 807
358 808
50 809
482 810
185 811
766 812
76 813
777 814
274 815
194 816
100 817
222 818
347 819
638 820
297 821
350 822
553 823
176 824
656 825
375 826
97 827
397 828
206 829
13 830
744 831
248 832
206 833
380 834
41 835
51 836
344 837
678 838
796 839
560 840
84 841
762 842
592 843
13 844
61 845
241 846
579 847
9 848
108 849
324 850
262 851
684 852
846 853
637 854
154 855
205 856
527 857
135 858
116 859
435 860
580 861
50 862
319 863
625 864
662 865
427 866
847 867
96 868
555 869
301 870
576 871
447 872
630 873
559 874
651 875
446 876
82 877
158 878
874 879
498 880
767 881
798 882
614 883
278 884
839 885
288 886
753 887
218 888
569 889
468 890
231 891
820 892
725 893
395 894
612 895
677 896
786 897
414 898
662 899
811 900
257 901
856 902
26 903
863 904
197 905
615 906
189 907
877 908
766 909
415 910
645 911
258 912
285 913
228 914
909 915
270 916
762 917
481 918
635 919
775 920
64 921
318 922
339 923
879 924
223 925
93 926
550 927
108 928
1 929
603 930
629 931
688 932
312 933
169 934
687 935
182 936
180 937
891 938
154 939
663 940
877 941
848 942
29 943
628 944
868 945
89 946
362 947
242 948
80 949
357 950
503 951
35 952
850 953
456 954
945 955
883 956
710 957
74 958
483 959
899 960
876 961
272 962
207 963
109 964
784 965
408 966
748 967
555 968
952 969
170 970
932 971
440 972
407 973
364 974
674 975
153 976
205 977
805 978
52 979
229 980
796 981
565 982
239 983
336 984
198 985
203 986
286 987
604 988
776 989
567 990
469 991
657 992
945 993
548 994
903 995
128 996
511 997
652 998
94 999
831 1000
352 676
364 433
461 815
507 340
198 345
72 349
421 347
120 770
585 486
422 383
959 190
870 749
568 283
947 187
676 43
179 758
161 163
555 717
139 209
169 608
521 767
348 489
194 981
527 8
528 119
444 40
40 7
888 806
234 390
502 951
949 748
671 462
117 576
659 250
438 697
141 847
449 621
16 29
840 276
157 747
893 187
818 277
846 193
283 218
513 348
812 463
329 502
213 923
137 29
356 375
473 854
47 186
124 269
684 138
128 673
259 791
374 701
351 931
125 801
431 119
731 9
135 759
692 846
659 819
355 552
644 115
832 682
278 334
747 223
396 622
990 231
309 387
912 904
315 126
523 635
507 560
808 989
134 446
937 623
292 603
802 920
350 693
552 965
165 188
941 377
418 102
261 484
543 704
306 154
715 704
488 697
81 513
161 667
745 208
755 526
964 436
431 615
498 488
362 960
41 709
150 973
150 325
543 822
937 897
832 415
777 137
556 143
455 798
219 915
867 777
908 208
315 113
296 980
98 743
348 983
744 79
367 850
454 378
535 368
93 90
301 377
86 238
597 285
286 343
701 607
962 843
917 167
884 910
116 25
466 46
611 15
332 551
349 176
567 673
577 492
870 109
605 131
959 368
347 380
96 475
977 673
375 65
178 119
125 334
232 889
554 776
257 184
529 832
180 582
887 881
263 129
958 918
978 858
109 226
231 729
453 600
610 573
501 110
855 996
305 10
805 76
63 927
102 192
208 479
516 121
8 674
252 534
205 765
563 197
644 483
157 979
501 604
923 738
829 976
807 576
394 350
144 981
695 579
100 624
588 938
261 428
734 443
602 873
669 66
554 87
352 935
945 463
266 4
47 238
936 257
687 594
569 536
279 199
426 439
864 606
663 362
90 668
434 916
648 807
766 540
951 361
