100 130 30
14 23 18 8 9 42 78 81 51 84 74 67 45 75 85 1 28 48 43 99 33 5 31 44 17 93 80 58 57 98
69 98 43 53 79 52 95 41 44 39 59 3 40 63 88 14 25 49 74 96 86 11 12 72 50 21 16 29 31 34
1 2
2 3
3 4
1 5
2 6
4 7
6 8
7 9
9 10
10 11
5 12
6 13
5 14
6 15
12 16
14 17
12 18
11 19
17 20
11 21
12 22
5 23
11 24
12 25
12 26
13 27
23 28
17 29
18 30
17 31
21 32
13 33
28 34
4 35
26 36
23 37
31 38
19 39
11 40
9 41
8 42
12 43
31 44
41 45
25 46
29 47
19 48
19 49
15 50
34 51
2 52
37 53
29 54
42 55
10 56
26 57
44 58
4 59
13 60
15 61
15 62
42 63
14 64
7 65
16 66
31 67
18 68
43 69
65 70
37 71
60 72
64 73
3 74
9 75
36 76
73 77
17 78
42 79
22 80
21 81
40 82
40 83
50 84
67 85
76 86
49 87
74 88
65 89
46 90
22 91
77 92
27 93
52 94
83 95
70 96
17 97
65 98
97 99
15 100
77 37
28 93
16 77
71 23
84 64
74 76
100 45
64 38
47 34
93 9
43 4
16 80
98 77
35 39
40 26
6 48
91 30
80 51
41 53
57 79
96 92
59 83
91 47
30 61
47 30
41 10
74 88
49 19
97 84
21 80
74 95
