150 149 50
93 118 16 124 74 136 35 11 134 96 25 43 121 6 147 103 50 45 130 101 83 30 120 98 21 128 65 26 46 42 106 109 127 2 22 17 145 12 131 86 112 123 67 51 66 102 125 143 64 149
50 59 6 149 34 61 78 124 122 148 54 32 23 74 143 115 144 87 134 7 29 128 95 131 16 93 75 135 91 24 102 9 3 40 97 33 56 98 112 140 20 70 66 142 22 62 18 111 2 51
1 2
2 3
2 4
1 5
4 6
6 7
6 8
1 9
2 10
9 11
9 12
6 13
5 14
2 15
6 16
7 17
9 18
8 19
3 20
17 21
14 22
7 23
13 24
7 25
19 26
12 27
10 28
22 29
8 30
11 31
25 32
8 33
32 34
3 35
28 36
20 37
32 38
3 39
11 40
14 41
30 42
37 43
25 44
11 45
19 46
6 47
22 48
8 49
7 50
12 51
14 52
4 53
2 54
22 55
15 56
51 57
33 58
7 59
46 60
45 61
48 62
42 63
51 64
2 65
3 66
53 67
15 68
60 69
56 70
46 71
11 72
53 73
59 74
3 75
28 76
1 77
30 78
66 79
50 80
73 81
2 82
80 83
27 84
4 85
68 86
80 87
50 88
62 89
81 90
15 91
83 92
61 93
43 94
92 95
67 96
78 97
92 98
59 99
28 100
85 101
49 102
101 103
54 104
56 105
74 106
90 107
3 108
50 109
62 110
96 111
93 112
94 113
40 114
45 115
67 116
94 117
37 118
52 119
58 120
34 121
109 122
13 123
15 124
58 125
122 126
40 127
15 128
123 129
48 130
64 131
78 132
120 133
88 134
28 135
118 136
41 137
24 138
83 139
67 140
5 141
36 142
25 143
29 144
9 145
32 146
92 147
51 148
73 149
39 150
