2000 1999 50
1001 721 496 1309 1017 331 1066 1945 1040 1107 416 1558 122 262 1287 1074 668 1058 1938 1004 807 654 1555 4 96 1429 183 1248 1433 1351 760 508 588 1023 1906 983 204 635 699 979 1338 776 660 1383 1971 878 351 1833 161 88
785 60 685 1100 1503 680 529 1228 969 1492 835 1684 536 427 177 10 1202 782 1002 115 531 281 1106 1296 1911 132 331 1539 562 283 29 804 1772 1752 885 620 1409 1263 69 1749 1989 1872 318 550 633 313 503 87 1694 678
1 2
1 3
2 4
2 5
2 6
4 7
7 8
2 9
9 10
2 11
7 12
9 13
13 14
6 15
10 16
15 17
1 18
18 19
6 20
18 21
8 22
22 23
6 24
6 25
21 26
22 27
9 28
3 29
25 30
21 31
1 32
11 33
19 34
27 35
2 36
29 37
3 38
8 39
21 40
32 41
15 42
9 43
5 44
20 45
34 46
9 47
27 48
30 49
11 50
46 51
37 52
34 53
30 54
29 55
16 56
5 57
4 58
56 59
33 60
20 61
14 62
35 63
43 64
35 65
65 66
47 67
35 68
58 69
62 70
34 71
19 72
50 73
11 74
11 75
58 76
1 77
20 78
51 79
17 80
27 81
14 82
7 83
4 84
35 85
50 86
62 87
21 88
41 89
87 90
60 91
47 92
11 93
59 94
92 95
63 96
58 97
16 98
13 99
63 100
63 101
59 102
100 103
87 104
18 105
5 106
10 107
57 108
52 109
58 110
88 111
35 112
77 113
5 114
36 115
108 116
77 117
74 118
16 119
34 120
103 121
20 122
118 123
41 124
38 125
117 126
12 127
6 128
27 129
67 130
106 131
25 132
9 133
107 134
22 135
47 136
112 137
35 138
56 139
29 140
80 141
90 142
104 143
21 144
1 145
137 146
19 147
52 148
39 149
129 150
33 151
61 152
138 153
141 154
83 155
144 156
115 157
11 158
44 159
146 160
119 161
152 162
32 163
105 164
142 165
116 166
76 167
20 168
123 169
125 170
29 171
63 172
24 173
68 174
103 175
46 176
9 177
84 178
103 179
13 180
15 181
32 182
55 183
178 184
69 185
104 186
84 187
158 188
184 189
131 190
49 191
63 192
43 193
107 194
185 195
154 196
117 197
105 198
49 199
32 200
131 201
40 202
113 203
122 204
34 205
113 206
114 207
92 208
64 209
141 210
200 211
2 212
196 213
198 214
98 215
155 216
206 217
102 218
109 219
50 220
215 221
221 222
161 223
174 224
191 225
136 226
95 227
201 228
189 229
56 230
2 231
5 232
71 233
4 234
197 235
223 236
138 237
66 238
35 239
48 240
222 241
109 242
124 243
147 244
76 245
14 246
223 247
169 248
245 249
29 250
108 251
57 252
16 253
136 254
213 255
33 256
224 257
135 258
53 259
174 260
170 261
12 262
49 263
140 264
96 265
135 266
185 267
256 268
178 269
182 270
239 271
258 272
223 273
98 274
107 275
119 276
86 277
91 278
87 279
132 280
274 281
106 282
220 283
253 284
76 285
270 286
260 287
29 288
226 289
89 290
200 291
122 292
93 293
86 294
202 295
77 296
125 297
45 298
267 299
102 300
205 301
96 302
301 303
23 304
58 305
210 306
54 307
241 308
64 309
241 310
42 311
235 312
157 313
56 314
204 315
148 316
150 317
167 318
268 319
205 320
122 321
275 322
3 323
258 324
271 325
166 326
36 327
301 328
303 329
119 330
69 331
201 332
245 333
252 334
34 335
25 336
251 337
131 338
6 339
305 340
45 341
5 342
142 343
204 344
283 345
248 346
204 347
174 348
228 349
156 350
299 351
277 352
85 353
168 354
42 355
26 356
272 357
264 358
28 359
252 360
334 361
187 362
139 363
129 364
299 365
218 366
95 367
31 368
183 369
298 370
33 371
112 372
314 373
13 374
205 375
223 376
130 377
228 378
77 379
272 380
132 381
205 382
333 383
202 384
75 385
264 386
277 387
201 388
103 389
293 390
39 391
94 392
72 393
171 394
363 395
165 396
365 397
329 398
10 399
25 400
287 401
374 402
336 403
246 404
225 405
48 406
176 407
129 408
103 409
349 410
15 411
184 412
360 413
180 414
245 415
25 416
366 417
2 418
107 419
408 420
251 421
103 422
217 423
34 424
270 425
411 426
314 427
94 428
390 429
294 430
70 431
131 432
323 433
182 434
126 435
57 436
70 437
368 438
2 439
424 440
221 441
324 442
187 443
319 444
412 445
210 446
100 447
132 448
178 449
425 450
300 451
237 452
126 453
381 454
149 455
49 456
445 457
351 458
68 459
165 460
108 461
170 462
199 463
430 464
404 465
427 466
149 467
416 468
237 469
448 470
77 471
429 472
375 473
147 474
271 475
448 476
247 477
423 478
228 479
135 480
56 481
324 482
196 483
7 484
19 485
406 486
317 487
247 488
238 489
301 490
218 491
392 492
293 493
283 494
357 495
224 496
123 497
476 498
237 499
451 500
336 501
30 502
453 503
88 504
299 505
170 506
35 507
170 508
166 509
194 510
362 511
158 512
244 513
480 514
302 515
172 516
250 517
281 518
251 519
267 520
252 521
248 522
514 523
119 524
423 525
298 526
303 527
14 528
145 529
316 530
264 531
402 532
171 533
39 534
399 535
531 536
316 537
457 538
254 539
334 540
96 541
534 542
120 543
287 544
12 545
294 546
3 547
156 548
138 549
474 550
381 551
465 552
90 553
518 554
114 555
305 556
229 557
396 558
215 559
310 560
337 561
147 562
133 563
311 564
93 565
171 566
566 567
393 568
68 569
300 570
512 571
301 572
70 573
348 574
67 575
357 576
46 577
482 578
436 579
494 580
509 581
408 582
530 583
576 584
506 585
342 586
563 587
318 588
342 589
554 590
80 591
17 592
226 593
47 594
327 595
403 596
242 597
119 598
96 599
120 600
168 601
402 602
396 603
519 604
73 605
475 606
534 607
233 608
24 609
460 610
85 611
602 612
349 613
478 614
334 615
486 616
595 617
65 618
283 619
283 620
281 621
104 622
472 623
406 624
439 625
501 626
490 627
440 628
15 629
108 630
20 631
374 632
329 633
270 634
364 635
431 636
107 637
566 638
250 639
20 640
607 641
400 642
418 643
205 644
277 645
189 646
295 647
608 648
361 649
380 650
268 651
107 652
454 653
234 654
18 655
87 656
599 657
465 658
193 659
392 660
27 661
544 662
555 663
588 664
349 665
156 666
548 667
40 668
35 669
103 670
228 671
242 672
662 673
209 674
22 675
125 676
554 677
35 678
137 679
521 680
547 681
574 682
640 683
521 684
360 685
94 686
36 687
482 688
304 689
639 690
200 691
517 692
473 693
523 694
519 695
658 696
215 697
399 698
682 699
14 700
581 701
660 702
407 703
169 704
79 705
702 706
684 707
520 708
640 709
421 710
623 711
50 712
399 713
400 714
106 715
488 716
366 717
279 718
535 719
71 720
556 721
343 722
514 723
116 724
670 725
398 726
585 727
704 728
320 729
159 730
590 731
418 732
648 733
721 734
522 735
510 736
474 737
95 738
681 739
708 740
195 741
527 742
647 743
427 744
551 745
284 746
421 747
713 748
386 749
152 750
436 751
30 752
702 753
488 754
711 755
287 756
75 757
493 758
658 759
670 760
491 761
51 762
249 763
416 764
456 765
550 766
163 767
255 768
410 769
324 770
451 771
291 772
527 773
551 774
577 775
320 776
665 777
693 778
409 779
270 780
373 781
150 782
713 783
653 784
243 785
672 786
279 787
658 788
39 789
89 790
609 791
729 792
703 793
600 794
514 795
516 796
33 797
310 798
587 799
665 800
278 801
314 802
95 803
467 804
322 805
159 806
301 807
208 808
232 809
161 810
574 811
797 812
56 813
805 814
574 815
449 816
109 817
285 818
402 819
174 820
480 821
318 822
687 823
617 824
77 825
370 826
239 827
489 828
143 829
157 830
475 831
425 832
94 833
321 834
103 835
50 836
631 837
734 838
811 839
38 840
742 841
737 842
427 843
38 844
223 845
688 846
675 847
843 848
813 849
130 850
35 851
740 852
312 853
397 854
701 855
49 856
312 857
219 858
586 859
271 860
690 861
766 862
635 863
388 864
226 865
694 866
302 867
462 868
51 869
93 870
501 871
724 872
394 873
594 874
789 875
548 876
306 877
169 878
578 879
431 880
566 881
704 882
825 883
621 884
346 885
861 886
508 887
496 888
450 889
743 890
56 891
175 892
323 893
445 894
103 895
614 896
671 897
40 898
591 899
237 900
431 901
413 902
57 903
153 904
901 905
771 906
284 907
625 908
616 909
820 910
393 911
431 912
328 913
6 914
470 915
503 916
6 917
338 918
321 919
742 920
236 921
830 922
515 923
799 924
747 925
145 926
679 927
122 928
591 929
143 930
530 931
146 932
397 933
434 934
476 935
218 936
98 937
850 938
303 939
711 940
703 941
718 942
341 943
533 944
817 945
573 946
853 947
944 948
711 949
48 950
91 951
895 952
354 953
457 954
270 955
107 956
741 957
616 958
12 959
414 960
220 961
258 962
954 963
711 964
962 965
41 966
649 967
860 968
859 969
28 970
927 971
220 972
287 973
615 974
472 975
506 976
767 977
39 978
802 979
701 980
596 981
717 982
560 983
246 984
19 985
549 986
620 987
851 988
702 989
700 990
543 991
799 992
83 993
454 994
839 995
177 996
952 997
537 998
524 999
475 1000
829 1001
812 1002
789 1003
956 1004
215 1005
87 1006
757 1007
717 1008
158 1009
392 1010
486 1011
885 1012
162 1013
506 1014
801 1015
512 1016
671 1017
514 1018
721 1019
392 1020
546 1021
604 1022
571 1023
823 1024
185 1025
933 1026
2 1027
504 1028
808 1029
814 1030
719 1031
634 1032
337 1033
94 1034
605 1035
241 1036
308 1037
436 1038
490 1039
875 1040
932 1041
862 1042
459 1043
29 1044
466 1045
317 1046
365 1047
471 1048
698 1049
821 1050
243 1051
523 1052
913 1053
494 1054
870 1055
112 1056
113 1057
643 1058
166 1059
355 1060
168 1061
858 1062
539 1063
571 1064
403 1065
909 1066
1049 1067
242 1068
930 1069
525 1070
924 1071
962 1072
920 1073
180 1074
730 1075
989 1076
109 1077
200 1078
948 1079
575 1080
413 1081
68 1082
464 1083
504 1084
847 1085
1020 1086
273 1087
786 1088
326 1089
230 1090
302 1091
598 1092
849 1093
378 1094
720 1095
797 1096
780 1097
1008 1098
811 1099
405 1100
888 1101
559 1102
593 1103
1083 1104
846 1105
397 1106
976 1107
540 1108
490 1109
451 1110
29 1111
388 1112
739 1113
1032 1114
35 1115
529 1116
985 1117
192 1118
346 1119
927 1120
1056 1121
509 1122
393 1123
26 1124
873 1125
693 1126
236 1127
1059 1128
591 1129
560 1130
946 1131
109 1132
875 1133
636 1134
17 1135
1089 1136
891 1137
616 1138
633 1139
646 1140
166 1141
1057 1142
540 1143
744 1144
643 1145
274 1146
486 1147
144 1148
863 1149
53 1150
1049 1151
154 1152
765 1153
248 1154
17 1155
389 1156
466 1157
955 1158
353 1159
988 1160
16 1161
1155 1162
796 1163
62 1164
901 1165
74 1166
701 1167
162 1168
1017 1169
927 1170
683 1171
362 1172
850 1173
36 1174
850 1175
946 1176
493 1177
756 1178
1146 1179
452 1180
372 1181
605 1182
1087 1183
325 1184
1018 1185
586 1186
391 1187
769 1188
59 1189
901 1190
571 1191
415 1192
449 1193
499 1194
121 1195
676 1196
18 1197
973 1198
108 1199
173 1200
143 1201
625 1202
1192 1203
297 1204
268 1205
772 1206
370 1207
400 1208
867 1209
723 1210
103 1211
397 1212
248 1213
1167 1214
1067 1215
608 1216
391 1217
234 1218
1022 1219
896 1220
33 1221
1151 1222
39 1223
149 1224
370 1225
282 1226
829 1227
624 1228
64 1229
1014 1230
1208 1231
407 1232
151 1233
757 1234
1081 1235
385 1236
1022 1237
1067 1238
1062 1239
1125 1240
737 1241
931 1242
716 1243
814 1244
164 1245
945 1246
522 1247
391 1248
195 1249
366 1250
947 1251
262 1252
976 1253
943 1254
243 1255
652 1256
551 1257
55 1258
1226 1259
437 1260
743 1261
3 1262
279 1263
757 1264
59 1265
1204 1266
150 1267
626 1268
1204 1269
194 1270
620 1271
584 1272
251 1273
968 1274
46 1275
82 1276
760 1277
1272 1278
677 1279
648 1280
250 1281
1234 1282
324 1283
706 1284
878 1285
839 1286
53 1287
731 1288
1168 1289
843 1290
162 1291
6 1292
1147 1293
5 1294
528 1295
256 1296
470 1297
1010 1298
40 1299
721 1300
700 1301
53 1302
367 1303
1207 1304
1176 1305
402 1306
811 1307
98 1308
998 1309
1255 1310
50 1311
786 1312
822 1313
803 1314
1233 1315
723 1316
785 1317
731 1318
292 1319
126 1320
545 1321
1185 1322
58 1323
1078 1324
1232 1325
228 1326
880 1327
1288 1328
1012 1329
910 1330
914 1331
297 1332
487 1333
1051 1334
1026 1335
1090 1336
734 1337
538 1338
577 1339
641 1340
1104 1341
751 1342
446 1343
1202 1344
611 1345
448 1346
1033 1347
590 1348
943 1349
1117 1350
763 1351
1119 1352
737 1353
1073 1354
1158 1355
1115 1356
107 1357
12 1358
629 1359
838 1360
169 1361
1300 1362
718 1363
501 1364
417 1365
846 1366
383 1367
279 1368
1195 1369
144 1370
1282 1371
1018 1372
938 1373
967 1374
49 1375
909 1376
725 1377
629 1378
260 1379
990 1380
328 1381
594 1382
213 1383
380 1384
1320 1385
105 1386
625 1387
724 1388
1344 1389
143 1390
743 1391
447 1392
773 1393
497 1394
95 1395
721 1396
926 1397
1259 1398
730 1399
1058 1400
901 1401
8 1402
1242 1403
579 1404
420 1405
1044 1406
641 1407
1116 1408
149 1409
1260 1410
927 1411
473 1412
64 1413
27 1414
1274 1415
235 1416
1404 1417
1289 1418
126 1419
379 1420
47 1421
800 1422
947 1423
1019 1424
570 1425
335 1426
1120 1427
936 1428
403 1429
1171 1430
274 1431
544 1432
427 1433
596 1434
455 1435
460 1436
953 1437
1335 1438
1017 1439
116 1440
264 1441
893 1442
1374 1443
115 1444
1443 1445
27 1446
645 1447
376 1448
257 1449
806 1450
822 1451
642 1452
637 1453
1209 1454
1158 1455
635 1456
739 1457
773 1458
1365 1459
1414 1460
1128 1461
77 1462
327 1463
97 1464
266 1465
246 1466
50 1467
1388 1468
1052 1469
1026 1470
985 1471
663 1472
555 1473
767 1474
371 1475
1378 1476
1023 1477
1088 1478
210 1479
542 1480
23 1481
892 1482
976 1483
222 1484
908 1485
554 1486
1006 1487
118 1488
34 1489
1320 1490
1406 1491
1375 1492
1378 1493
424 1494
610 1495
1367 1496
99 1497
1131 1498
416 1499
1453 1500
1305 1501
262 1502
524 1503
618 1504
1401 1505
298 1506
1432 1507
1079 1508
502 1509
684 1510
155 1511
94 1512
1412 1513
756 1514
1134 1515
311 1516
1415 1517
735 1518
1274 1519
573 1520
1113 1521
1087 1522
283 1523
773 1524
939 1525
556 1526
1142 1527
1407 1528
1255 1529
106 1530
721 1531
427 1532
1027 1533
1028 1534
1237 1535
563 1536
39 1537
588 1538
1290 1539
611 1540
1278 1541
1061 1542
692 1543
263 1544
1338 1545
889 1546
1071 1547
330 1548
1015 1549
1021 1550
901 1551
1156 1552
1522 1553
375 1554
1324 1555
574 1556
1404 1557
1420 1558
1504 1559
521 1560
1461 1561
142 1562
33 1563
1075 1564
920 1565
442 1566
1442 1567
191 1568
679 1569
769 1570
207 1571
1475 1572
328 1573
32 1574
51 1575
1430 1576
91 1577
1028 1578
856 1579
225 1580
1465 1581
607 1582
489 1583
977 1584
745 1585
486 1586
151 1587
607 1588
666 1589
1052 1590
1035 1591
402 1592
1318 1593
1215 1594
1529 1595
1507 1596
1372 1597
525 1598
1500 1599
128 1600
1199 1601
472 1602
993 1603
1441 1604
1295 1605
732 1606
1226 1607
859 1608
87 1609
1529 1610
645 1611
1586 1612
1487 1613
890 1614
797 1615
911 1616
503 1617
1330 1618
990 1619
711 1620
23 1621
404 1622
270 1623
1188 1624
1403 1625
156 1626
40 1627
842 1628
1557 1629
177 1630
1494 1631
978 1632
208 1633
233 1634
1434 1635
80 1636
1309 1637
105 1638
1633 1639
1120 1640
917 1641
1277 1642
700 1643
279 1644
191 1645
538 1646
1489 1647
1129 1648
77 1649
235 1650
636 1651
103 1652
499 1653
619 1654
1452 1655
1096 1656
1336 1657
1258 1658
1248 1659
917 1660
1071 1661
57 1662
1258 1663
475 1664
15 1665
479 1666
1409 1667
1278 1668
873 1669
1560 1670
882 1671
1139 1672
221 1673
166 1674
1257 1675
990 1676
721 1677
1566 1678
1106 1679
1648 1680
500 1681
1593 1682
446 1683
1679 1684
1643 1685
1220 1686
1444 1687
1660 1688
458 1689
764 1690
673 1691
795 1692
1206 1693
924 1694
734 1695
183 1696
1030 1697
1420 1698
1686 1699
614 1700
1341 1701
1648 1702
701 1703
829 1704
151 1705
1675 1706
302 1707
551 1708
516 1709
1294 1710
501 1711
713 1712
1269 1713
287 1714
1389 1715
1712 1716
80 1717
380 1718
142 1719
1436 1720
659 1721
1002 1722
557 1723
980 1724
943 1725
1612 1726
1636 1727
457 1728
868 1729
136 1730
677 1731
56 1732
115 1733
1563 1734
281 1735
725 1736
1433 1737
1257 1738
467 1739
465 1740
802 1741
597 1742
14 1743
684 1744
1183 1745
266 1746
1209 1747
1341 1748
1627 1749
481 1750
804 1751
1170 1752
1739 1753
326 1754
762 1755
1751 1756
1103 1757
1603 1758
508 1759
603 1760
757 1761
758 1762
387 1763
935 1764
51 1765
1232 1766
179 1767
1502 1768
1101 1769
1191 1770
66 1771
957 1772
1529 1773
1022 1774
1251 1775
1029 1776
1149 1777
596 1778
506 1779
1579 1780
693 1781
1781 1782
595 1783
373 1784
1552 1785
506 1786
20 1787
632 1788
1749 1789
879 1790
1669 1791
1332 1792
444 1793
1031 1794
628 1795
724 1796
1038 1797
73 1798
808 1799
196 1800
1423 1801
955 1802
1193 1803
539 1804
1099 1805
1231 1806
813 1807
101 1808
535 1809
1454 1810
535 1811
1221 1812
1354 1813
1352 1814
1788 1815
1417 1816
1066 1817
1282 1818
643 1819
994 1820
255 1821
1757 1822
37 1823
1191 1824
1114 1825
545 1826
1457 1827
1424 1828
1011 1829
887 1830
1192 1831
797 1832
19 1833
1779 1834
1546 1835
399 1836
1031 1837
640 1838
674 1839
1541 1840
1362 1841
628 1842
1177 1843
1756 1844
1422 1845
1136 1846
82 1847
828 1848
555 1849
263 1850
1001 1851
320 1852
664 1853
695 1854
277 1855
1229 1856
495 1857
377 1858
1739 1859
1286 1860
63 1861
877 1862
1648 1863
1195 1864
1768 1865
531 1866
559 1867
1395 1868
1548 1869
185 1870
1846 1871
1758 1872
56 1873
541 1874
270 1875
971 1876
1159 1877
344 1878
1177 1879
1854 1880
1332 1881
713 1882
183 1883
1806 1884
507 1885
1626 1886
1331 1887
641 1888
1713 1889
766 1890
1196 1891
491 1892
1047 1893
174 1894
1147 1895
255 1896
381 1897
1028 1898
1530 1899
1393 1900
1843 1901
115 1902
475 1903
59 1904
1071 1905
318 1906
29 1907
1430 1908
1008 1909
405 1910
849 1911
1564 1912
775 1913
562 1914
1730 1915
1467 1916
1106 1917
1723 1918
586 1919
1735 1920
1616 1921
1207 1922
1691 1923
341 1924
874 1925
1597 1926
1685 1927
1663 1928
1374 1929
1895 1930
279 1931
1401 1932
766 1933
118 1934
822 1935
381 1936
1714 1937
1337 1938
184 1939
1098 1940
484 1941
884 1942
620 1943
1707 1944
1592 1945
694 1946
575 1947
56 1948
573 1949
1040 1950
842 1951
337 1952
798 1953
319 1954
1666 1955
1012 1956
1243 1957
1463 1958
717 1959
420 1960
1424 1961
1312 1962
1572 1963
1602 1964
1204 1965
647 1966
325 1967
269 1968
1020 1969
1439 1970
1778 1971
383 1972
1321 1973
501 1974
8 1975
1781 1976
832 1977
392 1978
1736 1979
1198 1980
594 1981
404 1982
1334 1983
1617 1984
1509 1985
1301 1986
197 1987
1254 1988
625 1989
205 1990
1094 1991
667 1992
1602 1993
1961 1994
1159 1995
1328 1996
666 1997
402 1998
1636 1999
1287 2000
